1     0.01745 0.99985
2     0.03490 0.99939
3     0.05234 0.99863
4     0.06976 0.99756
5     0.08716 0.99619
6     0.10453 0.99452
7     0.12187 0.99255
8     0.13917 0.99027
9     0.15643 0.98769
10    0.17365 0.98481
11    0.19081 0.98163
12    0.20791 0.97815
13    0.22495 0.97437
14    0.24192 0.97030
15    0.25882 0.96593
16    0.27564 0.96126
17    0.29237 0.95630
18    0.30902 0.95106
19    0.32557 0.94552
20    0.34202 0.93969
21    0.35837 0.93358
22    0.37461 0.92718
23    0.39073 0.92050
24    0.40674 0.91355
25    0.42262 0.90631
26    0.43837 0.89879
27    0.45399 0.89101
28    0.46947 0.88295
29    0.48481 0.87462
30    0.50000 0.86603
31    0.51504 0.85717
32    0.52992 0.84805
33    0.54464 0.83867
34    0.55919 0.82904
35    0.57358 0.81915
36    0.58779 0.80902
37    0.60182 0.79864
38    0.61566 0.78801
39    0.62932 0.77715
40    0.64279 0.76604
41    0.65606 0.75471
42    0.66913 0.74314
43    0.68200 0.73135
44    0.69466 0.71934
45    0.70711 0.70711
46    0.71934 0.69466
47    0.73135 0.68200
48    0.74314 0.66913
49    0.75471 0.65606
50    0.76604 0.64279
51    0.77715 0.62932
52    0.78801 0.61566
53    0.79864 0.60182
54    0.80902 0.58779
55    0.81915 0.57358
56    0.82904 0.55919
57    0.83867 0.54464
58    0.84805 0.52992
59    0.85717 0.51504
60    0.86603 0.50000
61    0.87462 0.48481
62    0.88295 0.46947
63    0.89101 0.45399
64    0.89879 0.43837
65    0.90631 0.42262
66    0.91355 0.40674
67    0.92050 0.39073
68    0.92718 0.37461
69    0.93358 0.35837
70    0.93969 0.34202
71    0.94552 0.32557
72    0.95106 0.30902
73    0.95630 0.29237
74    0.96126 0.27564
75    0.96593 0.25882
76    0.97030 0.24192
77    0.97437 0.22495
78    0.97815 0.20791
79    0.98163 0.19081
80    0.98481 0.17365
81    0.98769 0.15643
82    0.99027 0.13917
83    0.99255 0.12187
84    0.99452 0.10453
85    0.99619 0.08716
86    0.99756 0.06976
87    0.99863 0.05234
88    0.99939 0.03490
89    0.99985 0.01745
90    1.00000 0.00000
